0.000000
0.005500
0.000000
0.000000
0.017500
0.005500
0.005500
0.038000
0.017500
0.000000
0.017500
0.038000
0.063000
0.005500
0.038000
0.063000
0.017500
0.086000
0.086000
0.063000
0.038000
0.132000
0.132000
0.063000
0.086000
0.188500
0.188500
0.086000
0.132000
0.308500
0.132000
0.308500
0.188500
0.188500
0.410000
0.410000
0.308500
0.308500
0.605000
0.605000
0.410000
0.410000
0.605000
0.605000
1.041000
1.041000
1.041000
1.041000
1.395500
1.395500
1.395500
1.395500
1.689500
1.689500
1.689500
1.689500
1.583500
1.583500
1.583500
1.583500
1.430500
1.430500
1.430500
1.430500
1.291500
1.291500
1.291500
1.291500
1.195000
1.195000
1.195000
1.195000
1.119500
1.119500
1.119500
1.119500
1.061500
1.061500
1.061500
1.061500
0.950000
0.950000
0.950000
0.950000
